0 0.1064453125 0.6962890625 0.212890625 0.310546875
0 0.2490234375 0.734375 0.1953125 0.310546875
0 0.3916015625 0.7607421875 0.19921875 0.3046875
0 0.5498046875 0.787109375 0.1953125 0.302734375
0 0.681640625 0.8134765625 0.1953125 0.306640625
0 0.845703125 0.841796875 0.203125 0.296875
0 0.1181640625 0.5654296875 0.201171875 0.294921875
0 0.2724609375 0.5927734375 0.20703125 0.2890625
0 0.408203125 0.6279296875 0.185546875 0.29296875
0 0.560546875 0.6513671875 0.185546875 0.279296875
0 0.712890625 0.673828125 0.189453125 0.275390625
0 0.859375 0.708984375 0.193359375 0.2890625
0 0.12890625 0.427734375 0.197265625 0.29296875
0 0.28125 0.4599609375 0.19921875 0.298828125
0 0.4287109375 0.5009765625 0.201171875 0.32421875
0 0.5751953125 0.5205078125 0.19921875 0.29296875
0 0.7265625 0.5498046875 0.205078125 0.294921875
0 0.859375 0.568359375 0.203125 0.291015625
0 0.1416015625 0.28515625 0.193359375 0.291015625
0 0.2939453125 0.3134765625 0.201171875 0.28515625
0 0.44140625 0.341796875 0.19140625 0.28515625
0 0.587890625 0.365234375 0.19140625 0.28125
0 0.732421875 0.400390625 0.19140625 0.2890625
0 0.8798828125 0.427734375 0.201171875 0.29296875
0 0.15234375 0.1435546875 0.203125 0.28125
0 0.30078125 0.1826171875 0.189453125 0.29296875
0 0.4501953125 0.20703125 0.19140625 0.287109375
0 0.59765625 0.240234375 0.197265625 0.3046875
0 0.744140625 0.2685546875 0.193359375 0.29296875
0 0.8955078125 0.2998046875 0.208984375 0.298828125
