0 0.828125 0.201171875 0.1953125 0.296875
0 0.67578125 0.205078125 0.16796875 0.298828125
0 0.5322265625 0.2197265625 0.171875 0.29296875
0 0.373046875 0.2373046875 0.16796875 0.291015625
0 0.2392578125 0.248046875 0.16796875 0.296875
0 0.0810546875 0.2666015625 0.162109375 0.283203125
0 0.8486328125 0.33203125 0.173828125 0.283203125
0 0.693359375 0.34765625 0.181640625 0.275390625
0 0.552734375 0.3525390625 0.158203125 0.283203125
0 0.400390625 0.37109375 0.16015625 0.267578125
0 0.2470703125 0.3916015625 0.166015625 0.263671875
0 0.0966796875 0.3984375 0.16796875 0.27734375
0 0.876953125 0.466796875 0.169921875 0.283203125
0 0.7216796875 0.4775390625 0.173828125 0.2890625
0 0.5673828125 0.4794921875 0.171875 0.314453125
0 0.421875 0.5009765625 0.173828125 0.28125
0 0.2685546875 0.5146484375 0.1796875 0.28125
0 0.1357421875 0.5341796875 0.1796875 0.27734375
0 0.9033203125 0.607421875 0.16796875 0.279296875
0 0.75 0.6220703125 0.17578125 0.2734375
0 0.6005859375 0.63671875 0.166015625 0.2734375
0 0.453125 0.654296875 0.166015625 0.26953125
0 0.3046875 0.66015625 0.166015625 0.279296875
0 0.154296875 0.6748046875 0.17578125 0.28125
0 0.9208984375 0.7451171875 0.158203125 0.267578125
0 0.7783203125 0.75 0.162109375 0.283203125
0 0.6279296875 0.7685546875 0.16796875 0.275390625
0 0.478515625 0.7763671875 0.169921875 0.29296875
0 0.3291015625 0.7890625 0.16796875 0.28125
0 0.1748046875 0.8017578125 0.18359375 0.28515625
