0 0.1474609375 0.76953125 0.1708984375 0.283203125
0 0.298828125 0.7783203125 0.142578125 0.2880859375
0 0.443359375 0.7763671875 0.1484375 0.28125
0 0.603515625 0.7724609375 0.14453125 0.2802734375
0 0.73828125 0.7734375 0.1435546875 0.28515625
0 0.904296875 0.76953125 0.154296875 0.271484375
0 0.1376953125 0.63671875 0.1513671875 0.2705078125
0 0.2939453125 0.634765625 0.1591796875 0.2626953125
0 0.4345703125 0.642578125 0.1357421875 0.271484375
0 0.587890625 0.63671875 0.138671875 0.2568359375
0 0.7421875 0.6298828125 0.1435546875 0.2529296875
0 0.892578125 0.63671875 0.14453125 0.2666015625
0 0.1220703125 0.5 0.1474609375 0.2705078125
0 0.27734375 0.5029296875 0.1494140625 0.2763671875
0 0.4306640625 0.5146484375 0.146484375 0.302734375
0 0.578125 0.505859375 0.150390625 0.26953125
0 0.7314453125 0.505859375 0.1572265625 0.26953125
0 0.8662109375 0.498046875 0.15625 0.265625
0 0.107421875 0.357421875 0.14453125 0.267578125
0 0.26171875 0.3564453125 0.1533203125 0.2607421875
0 0.412109375 0.35546875 0.14453125 0.2626953125
0 0.560546875 0.3505859375 0.14453125 0.2578125
0 0.708984375 0.357421875 0.142578125 0.267578125
0 0.859375 0.3564453125 0.15234375 0.2685546875
0 0.0908203125 0.216796875 0.158203125 0.2548828125
0 0.244140625 0.2265625 0.1396484375 0.271484375
0 0.3955078125 0.2216796875 0.14453125 0.2646484375
0 0.5458984375 0.2265625 0.146484375 0.2822265625
0 0.6953125 0.2265625 0.1455078125 0.26953125
0 0.8505859375 0.2275390625 0.16015625 0.2724609375
