0 0.390625 0.2802734375 0.29296875 0.4609375
0 0.828125 0.21875 0.150390625 0.2421875
0 0.943359375 0.2353515625 0.11328125 0.228515625
0 0.8173828125 0.2890625 0.13671875 0.240234375
0 0.931640625 0.2958984375 0.13671875 0.248046875
0 0.8115234375 0.3505859375 0.134765625 0.232421875
0 0.921875 0.369140625 0.126953125 0.212890625
0 0.806640625 0.421875 0.1328125 0.236328125
0 0.9150390625 0.4326171875 0.125 0.2109375
0 0.7919921875 0.48046875 0.13671875 0.216796875
0 0.9052734375 0.494140625 0.115234375 0.205078125
0 0.7890625 0.537109375 0.123046875 0.193359375
0 0.8935546875 0.5576171875 0.119140625 0.185546875
