0 0.40234375 0.275390625 0.314453125 0.470703125
0 0.8427734375 0.236328125 0.162109375 0.248046875
0 0.947265625 0.2578125 0.10546875 0.234375
0 0.828125 0.3056640625 0.1484375 0.244140625
0 0.93359375 0.318359375 0.1328125 0.25390625
0 0.818359375 0.3671875 0.14453125 0.23828125
0 0.9287109375 0.3916015625 0.13671875 0.216796875
0 0.810546875 0.4384765625 0.14453125 0.240234375
0 0.91796875 0.4541015625 0.134765625 0.216796875
0 0.79296875 0.49609375 0.146484375 0.220703125
0 0.9052734375 0.515625 0.125 0.208984375
0 0.7861328125 0.5517578125 0.1328125 0.197265625
0 0.890625 0.578125 0.12890625 0.189453125
