0 0.3720703125 0.708984375 0.255859375 0.439453125
0 0.802734375 0.80859375 0.130859375 0.232421875
0 0.9296875 0.8037109375 0.115234375 0.2197265625
0 0.7978515625 0.73828125 0.1171875 0.23046875
0 0.9140625 0.740234375 0.12109375 0.2392578125
0 0.796875 0.67578125 0.115234375 0.2236328125
0 0.9091796875 0.6669921875 0.1103515625 0.203125
0 0.798828125 0.6044921875 0.11328125 0.2275390625
0 0.9072265625 0.603515625 0.107421875 0.203125
0 0.7890625 0.544921875 0.119140625 0.20703125
0 0.9033203125 0.541015625 0.0986328125 0.1962890625
0 0.791015625 0.48828125 0.107421875 0.1845703125
0 0.8974609375 0.4765625 0.1044921875 0.1767578125
