0 0.494140625 0.6982421875 0.283203125 0.51171875
0 0.166015625 0.3056640625 0.0927734375 0.1826171875
0 0.2548828125 0.3115234375 0.083984375 0.181640625
0 0.3330078125 0.3134765625 0.0859375 0.1806640625
0 0.41796875 0.310546875 0.0830078125 0.171875
0 0.5048828125 0.3076171875 0.0908203125 0.185546875
0 0.587890625 0.3134765625 0.091796875 0.1982421875
0 0.67578125 0.310546875 0.0849609375 0.17578125
0 0.7529296875 0.306640625 0.08984375 0.1767578125
0 0.8369140625 0.318359375 0.080078125 0.18359375
0 0.1220703125 0.2421875 0.08984375 0.1845703125
0 0.208984375 0.2392578125 0.0888671875 0.1669921875
0 0.2958984375 0.228515625 0.0888671875 0.1689453125
0 0.376953125 0.232421875 0.0849609375 0.169921875
0 0.462890625 0.2451171875 0.083984375 0.1708984375
0 0.5458984375 0.248046875 0.076171875 0.1650390625
0 0.623046875 0.2509765625 0.0771484375 0.166015625
0 0.708984375 0.2421875 0.0869140625 0.1611328125
0 0.7939453125 0.236328125 0.0908203125 0.16015625
0 0.8720703125 0.244140625 0.06640625 0.16796875
0 0.125 0.1689453125 0.08203125 0.1630859375
0 0.212890625 0.1728515625 0.080078125 0.1708984375
0 0.2939453125 0.1728515625 0.08203125 0.1708984375
0 0.3779296875 0.171875 0.0830078125 0.185546875
0 0.45703125 0.166015625 0.0849609375 0.173828125
0 0.54296875 0.1748046875 0.0791015625 0.171875
0 0.626953125 0.1708984375 0.08203125 0.1708984375
0 0.71484375 0.169921875 0.078125 0.181640625
0 0.80078125 0.1875 0.083984375 0.1767578125
0 0.876953125 0.189453125 0.080078125 0.1845703125
