0 0.5146484375 0.3017578125 0.3359375 0.5390625
0 0.1474609375 0.658203125 0.111328125 0.19140625
0 0.236328125 0.662109375 0.1015625 0.189453125
0 0.314453125 0.66796875 0.103515625 0.189453125
0 0.3984375 0.6796875 0.099609375 0.1796875
0 0.484375 0.69140625 0.109375 0.193359375
0 0.568359375 0.6943359375 0.111328125 0.20703125
0 0.6552734375 0.70703125 0.103515625 0.18359375
0 0.7314453125 0.71875 0.107421875 0.185546875
0 0.81640625 0.7158203125 0.099609375 0.19140625
0 0.09765625 0.716796875 0.109375 0.193359375
0 0.18359375 0.728515625 0.10546875 0.17578125
0 0.2685546875 0.7490234375 0.10546875 0.177734375
0 0.349609375 0.7529296875 0.1015625 0.177734375
0 0.4365234375 0.75 0.1015625 0.1796875
0 0.51953125 0.7548828125 0.09375 0.171875
0 0.5966796875 0.7607421875 0.09375 0.173828125
0 0.6806640625 0.7783203125 0.103515625 0.169921875
0 0.7646484375 0.79296875 0.107421875 0.16796875
0 0.84375 0.79296875 0.083984375 0.173828125
0 0.0927734375 0.7900390625 0.09765625 0.169921875
0 0.1806640625 0.794921875 0.09765625 0.177734375
0 0.2607421875 0.8037109375 0.099609375 0.177734375
0 0.3447265625 0.8134765625 0.1015625 0.193359375
0 0.421875 0.828125 0.103515625 0.181640625
0 0.5087890625 0.828125 0.095703125 0.1796875
0 0.591796875 0.8408203125 0.099609375 0.177734375
0 0.6787109375 0.8505859375 0.09765625 0.189453125
0 0.7666015625 0.841796875 0.1015625 0.18359375
0 0.8427734375 0.8486328125 0.099609375 0.19140625
