0 0.4580078125 0.306640625 0.3984375 0.564453125
0 0.87109375 0.607421875 0.134765625 0.19921875
0 0.783203125 0.6240234375 0.125 0.197265625
0 0.70703125 0.640625 0.126953125 0.1953125
0 0.625 0.6640625 0.123046875 0.1875
0 0.5419921875 0.6875 0.1328125 0.201171875
0 0.4599609375 0.7021484375 0.13671875 0.21484375
0 0.375 0.7265625 0.125 0.19140625
0 0.3017578125 0.7490234375 0.130859375 0.193359375
0 0.216796875 0.7578125 0.123046875 0.197265625
0 0.9287109375 0.6591796875 0.130859375 0.201171875
0 0.845703125 0.6826171875 0.126953125 0.18359375
0 0.763671875 0.7138671875 0.126953125 0.185546875
0 0.6845703125 0.7294921875 0.123046875 0.185546875
0 0.59765625 0.73828125 0.123046875 0.185546875
0 0.5166015625 0.755859375 0.11328125 0.177734375
0 0.4404296875 0.771484375 0.115234375 0.1796875
0 0.359375 0.80078125 0.123046875 0.177734375
0 0.2783203125 0.8271484375 0.126953125 0.177734375
0 0.201171875 0.837890625 0.10546875 0.1796875
0 0.9423828125 0.7294921875 0.115234375 0.177734375
0 0.857421875 0.748046875 0.119140625 0.185546875
0 0.779296875 0.767578125 0.12109375 0.185546875
0 0.6982421875 0.7890625 0.125 0.19921875
0 0.6220703125 0.8134765625 0.125 0.189453125
0 0.537109375 0.826171875 0.119140625 0.185546875
0 0.4560546875 0.849609375 0.12109375 0.185546875
0 0.37109375 0.8720703125 0.119140625 0.1953125
0 0.2841796875 0.8759765625 0.125 0.19140625
0 0.208984375 0.892578125 0.123046875 0.19921875
