0 0.16015625 0.16796875 0.19140625 0.3359375
0 0.3369140625 0.171875 0.17578125 0.337890625
0 0.509765625 0.1748046875 0.1796875 0.328125
0 0.673828125 0.173828125 0.169921875 0.3359375
0 0.845703125 0.1806640625 0.17578125 0.33203125
0 0.1533203125 0.49609375 0.17578125 0.3203125
0 0.3310546875 0.505859375 0.177734375 0.322265625
0 0.50390625 0.5078125 0.166015625 0.326171875
0 0.669921875 0.5107421875 0.17578125 0.318359375
0 0.8466796875 0.5107421875 0.181640625 0.318359375
0 0.1513671875 0.8203125 0.181640625 0.330078125
0 0.3232421875 0.8330078125 0.173828125 0.32421875
0 0.4931640625 0.828125 0.173828125 0.32421875
0 0.6650390625 0.8330078125 0.177734375 0.33203125
0 0.833984375 0.833984375 0.17578125 0.326171875
