0 0.154296875 0.173828125 0.185546875 0.333984375
0 0.3310546875 0.1748046875 0.1708984375 0.333984375
0 0.50390625 0.1748046875 0.173828125 0.3251953125
0 0.66796875 0.1708984375 0.1640625 0.3330078125
0 0.83984375 0.1748046875 0.1708984375 0.328125
0 0.1533203125 0.501953125 0.1708984375 0.31640625
0 0.3310546875 0.5087890625 0.1728515625 0.318359375
0 0.50390625 0.5078125 0.1611328125 0.32421875
0 0.669921875 0.5078125 0.1708984375 0.3154296875
0 0.8466796875 0.5048828125 0.1767578125 0.314453125
0 0.1572265625 0.826171875 0.17578125 0.3271484375
0 0.3291015625 0.8359375 0.16796875 0.3212890625
0 0.4990234375 0.828125 0.16796875 0.3212890625
0 0.6708984375 0.830078125 0.1728515625 0.3291015625
0 0.83984375 0.828125 0.1708984375 0.3232421875
