0 0.189453125 0.841796875 0.21875 0.31640625
0 0.3662109375 0.8330078125 0.205078125 0.333984375
0 0.5380859375 0.8232421875 0.20703125 0.341796875
0 0.701171875 0.8095703125 0.197265625 0.34765625
0 0.8720703125 0.7880859375 0.205078125 0.34375
0 0.1552734375 0.5341796875 0.203125 0.33203125
0 0.3310546875 0.5087890625 0.205078125 0.333984375
0 0.5029296875 0.4921875 0.193359375 0.33984375
0 0.66796875 0.474609375 0.203125 0.33203125
0 0.8447265625 0.458984375 0.208984375 0.33203125
0 0.125 0.2119140625 0.208984375 0.34375
0 0.294921875 0.18359375 0.201171875 0.337890625
0 0.46484375 0.173828125 0.201171875 0.337890625
0 0.634765625 0.1630859375 0.20703125 0.326171875
0 0.802734375 0.1533203125 0.203125 0.306640625
