0 0.203125 0.8486328125 0.2265625 0.302734375
0 0.3740234375 0.8369140625 0.220703125 0.326171875
0 0.5478515625 0.82421875 0.201171875 0.3515625
0 0.7119140625 0.798828125 0.22265625 0.349609375
0 0.884765625 0.76953125 0.216796875 0.337890625
0 0.158203125 0.5400390625 0.212890625 0.337890625
0 0.328125 0.5224609375 0.20703125 0.3359375
0 0.501953125 0.49609375 0.19921875 0.341796875
0 0.671875 0.4736328125 0.20703125 0.345703125
0 0.8359375 0.4443359375 0.208984375 0.341796875
0 0.115234375 0.220703125 0.2109375 0.349609375
0 0.287109375 0.19921875 0.205078125 0.33984375
0 0.4580078125 0.177734375 0.212890625 0.3515625
0 0.6259765625 0.1611328125 0.212890625 0.322265625
0 0.787109375 0.1494140625 0.21875 0.298828125
