0 0.154296875 0.1708984375 0.1826171875 0.33203125
0 0.3271484375 0.16796875 0.1767578125 0.3349609375
0 0.501953125 0.1689453125 0.15625 0.337890625
0 0.66796875 0.1748046875 0.1787109375 0.328125
0 0.84375 0.1796875 0.1748046875 0.3173828125
0 0.15625 0.5078125 0.169921875 0.31640625
0 0.3271484375 0.501953125 0.1640625 0.31640625
0 0.5029296875 0.50390625 0.1552734375 0.32421875
0 0.673828125 0.501953125 0.1630859375 0.3251953125
0 0.8408203125 0.5087890625 0.1650390625 0.322265625
0 0.158203125 0.830078125 0.166015625 0.3291015625
0 0.3310546875 0.8271484375 0.1630859375 0.3193359375
0 0.5029296875 0.8251953125 0.16796875 0.33203125
0 0.673828125 0.830078125 0.169921875 0.326171875
0 0.8369140625 0.826171875 0.1767578125 0.3173828125
