0 0.888671875 0.236328125 0.22265625 0.359375
0 0.7275390625 0.203125 0.232421875 0.361328125
0 0.5556640625 0.1767578125 0.212890625 0.353515625
0 0.3896484375 0.1630859375 0.232421875 0.326171875
0 0.216796875 0.1484375 0.2265625 0.296875
0 0.8369140625 0.5673828125 0.22265625 0.341796875
0 0.669921875 0.5322265625 0.216796875 0.33984375
0 0.49609375 0.5029296875 0.208984375 0.345703125
0 0.328125 0.4716796875 0.216796875 0.34765625
0 0.1630859375 0.44921875 0.21875 0.345703125
0 0.7783203125 0.853515625 0.220703125 0.29296875
0 0.6083984375 0.83984375 0.216796875 0.3203125
0 0.4404296875 0.8193359375 0.22265625 0.35546875
0 0.271484375 0.794921875 0.224609375 0.3515625
0 0.1123046875 0.76171875 0.224609375 0.34375
