0 0.8251953125 0.619140625 0.349609375 0.609375
0 0.5498046875 0.779296875 0.24609375 0.36328125
0 0.37890625 0.8173828125 0.2421875 0.357421875
0 0.2060546875 0.845703125 0.236328125 0.30859375
0 0.5615234375 0.6025390625 0.251953125 0.34765625
0 0.390625 0.6455078125 0.23828125 0.33984375
0 0.212890625 0.681640625 0.228515625 0.33203125
0 0.595703125 0.4306640625 0.228515625 0.330078125
0 0.42578125 0.47265625 0.232421875 0.341796875
0 0.25 0.515625 0.23828125 0.330078125
0 0.61328125 0.263671875 0.248046875 0.365234375
0 0.435546875 0.3056640625 0.244140625 0.3515625
0 0.248046875 0.330078125 0.240234375 0.33203125
