0 0.1796875 0.697265625 0.2939453125 0.556640625
0 0.5146484375 0.783203125 0.1748046875 0.3330078125
0 0.689453125 0.7822265625 0.173828125 0.3271484375
0 0.8671875 0.7890625 0.169921875 0.3134765625
0 0.462890625 0.6142578125 0.185546875 0.314453125
0 0.6396484375 0.6171875 0.173828125 0.30859375
0 0.8203125 0.6123046875 0.1640625 0.302734375
0 0.3916015625 0.4541015625 0.1640625 0.3017578125
0 0.56640625 0.45703125 0.1669921875 0.3115234375
0 0.7470703125 0.458984375 0.1748046875 0.298828125
0 0.3359375 0.294921875 0.177734375 0.333984375
0 0.5185546875 0.2958984375 0.17578125 0.3203125
0 0.70703125 0.27734375 0.1767578125 0.2998046875
