0 0.2265625 0.728515625 0.40234375 0.54296875
0 0.5732421875 0.7744140625 0.240234375 0.361328125
0 0.744140625 0.736328125 0.23828125 0.35546875
0 0.9013671875 0.7060546875 0.197265625 0.341796875
0 0.4873046875 0.619140625 0.24609375 0.345703125
0 0.6611328125 0.5859375 0.234375 0.337890625
0 0.8369140625 0.54296875 0.22265625 0.330078125
0 0.384765625 0.4775390625 0.22265625 0.330078125
0 0.5556640625 0.4443359375 0.228515625 0.33984375
0 0.7333984375 0.408203125 0.232421875 0.328125
0 0.296875 0.333984375 0.244140625 0.36328125
0 0.4755859375 0.296875 0.23828125 0.349609375
0 0.65625 0.2392578125 0.234375 0.330078125
