0 0.1552734375 0.6025390625 0.2197265625 0.4931640625
0 0.546875 0.67578125 0.09765625 0.2197265625
0 0.638671875 0.671875 0.080078125 0.2158203125
0 0.72265625 0.6748046875 0.0849609375 0.21875
0 0.806640625 0.6787109375 0.0849609375 0.2138671875
0 0.8955078125 0.681640625 0.095703125 0.21484375
0 0.41796875 0.5615234375 0.08984375 0.208984375
0 0.5087890625 0.5673828125 0.08203125 0.2119140625
0 0.59765625 0.5634765625 0.091796875 0.216796875
0 0.68359375 0.5615234375 0.0849609375 0.2041015625
0 0.7626953125 0.5546875 0.078125 0.1982421875
0 0.8544921875 0.5615234375 0.091796875 0.212890625
0 0.3798828125 0.4521484375 0.0908203125 0.2001953125
0 0.34375 0.3525390625 0.0830078125 0.20703125
0 0.310546875 0.2392578125 0.08203125 0.1982421875
0 0.470703125 0.45703125 0.0869140625 0.2021484375
0 0.5537109375 0.470703125 0.099609375 0.2138671875
0 0.6435546875 0.462890625 0.07421875 0.2021484375
0 0.7294921875 0.45703125 0.0927734375 0.21484375
0 0.8310546875 0.4609375 0.1005859375 0.185546875
0 0.4375 0.345703125 0.0888671875 0.193359375
0 0.5205078125 0.3466796875 0.078125 0.18359375
0 0.60546875 0.34375 0.1025390625 0.2021484375
0 0.69140625 0.3427734375 0.0927734375 0.1953125
0 0.7822265625 0.3408203125 0.1005859375 0.1884765625
0 0.3935546875 0.251953125 0.083984375 0.2080078125
0 0.4794921875 0.2470703125 0.0849609375 0.1982421875
0 0.5654296875 0.24609375 0.0888671875 0.2001953125
0 0.6533203125 0.251953125 0.0849609375 0.2080078125
0 0.74609375 0.25390625 0.10546875 0.21484375
