0 0.849609375 0.583984375 0.24609375 0.50390625
0 0.4619140625 0.677734375 0.109375 0.224609375
0 0.3701171875 0.6787109375 0.091796875 0.21875
0 0.287109375 0.6865234375 0.095703125 0.22265625
0 0.203125 0.6943359375 0.095703125 0.21875
0 0.1142578125 0.7021484375 0.107421875 0.21875
0 0.5849609375 0.5576171875 0.1015625 0.212890625
0 0.4951171875 0.5673828125 0.09375 0.216796875
0 0.40625 0.568359375 0.103515625 0.220703125
0 0.3203125 0.5712890625 0.095703125 0.208984375
0 0.240234375 0.568359375 0.087890625 0.201171875
0 0.1494140625 0.580078125 0.103515625 0.216796875
0 0.6171875 0.4462890625 0.1015625 0.205078125
0 0.6484375 0.3447265625 0.09375 0.2109375
0 0.67578125 0.2294921875 0.091796875 0.203125
0 0.52734375 0.455078125 0.09765625 0.20703125
0 0.4453125 0.4736328125 0.111328125 0.21875
0 0.3544921875 0.470703125 0.083984375 0.205078125
0 0.2685546875 0.46875 0.103515625 0.21875
0 0.1669921875 0.478515625 0.109375 0.19140625
0 0.5546875 0.3427734375 0.099609375 0.197265625
0 0.4716796875 0.34765625 0.087890625 0.1875
0 0.38671875 0.349609375 0.11328125 0.20703125
0 0.30078125 0.3525390625 0.103515625 0.19921875
0 0.2099609375 0.35546875 0.109375 0.193359375
0 0.59375 0.2470703125 0.095703125 0.212890625
0 0.5068359375 0.24609375 0.095703125 0.203125
0 0.4208984375 0.25 0.099609375 0.205078125
0 0.333984375 0.2607421875 0.095703125 0.212890625
0 0.2412109375 0.267578125 0.1171875 0.220703125
