0 0.1533203125 0.4033203125 0.228515625 0.49609375
0 0.5439453125 0.3232421875 0.1015625 0.220703125
0 0.6357421875 0.326171875 0.083984375 0.216796875
0 0.7197265625 0.3212890625 0.087890625 0.220703125
0 0.8037109375 0.31640625 0.087890625 0.21484375
0 0.892578125 0.3115234375 0.099609375 0.216796875
0 0.4169921875 0.439453125 0.09375 0.2109375
0 0.5078125 0.4326171875 0.0859375 0.212890625
0 0.5966796875 0.4345703125 0.095703125 0.21875
0 0.6826171875 0.435546875 0.087890625 0.205078125
0 0.76171875 0.4404296875 0.08203125 0.19921875
0 0.853515625 0.4326171875 0.095703125 0.21484375
0 0.380859375 0.5498046875 0.09375 0.201171875
0 0.3466796875 0.650390625 0.0859375 0.208984375
0 0.3154296875 0.763671875 0.0859375 0.19921875
0 0.4716796875 0.5439453125 0.08984375 0.203125
0 0.5546875 0.5283203125 0.103515625 0.21484375
0 0.64453125 0.5341796875 0.078125 0.203125
0 0.73046875 0.5390625 0.095703125 0.216796875
0 0.83203125 0.533203125 0.103515625 0.1875
0 0.4404296875 0.6552734375 0.091796875 0.1953125
0 0.5234375 0.6533203125 0.08203125 0.185546875
0 0.6083984375 0.654296875 0.10546875 0.203125
0 0.6943359375 0.654296875 0.095703125 0.197265625
0 0.78515625 0.654296875 0.103515625 0.189453125
0 0.3974609375 0.75 0.087890625 0.208984375
0 0.484375 0.7529296875 0.087890625 0.19921875
0 0.5703125 0.7529296875 0.091796875 0.201171875
0 0.6572265625 0.7451171875 0.087890625 0.208984375
0 0.75 0.7421875 0.109375 0.216796875
